1712782420405 0.06 5
1712782456377 0.13 10
1712782492461 0.19 15
1712782528548 0.26 20
1712782564675 0.32 25
1712782600772 0.38 30
1712782636870 0.45 35
1712782672997 0.51 40
1712782709087 0.58 45
1712782745239 0.64 50
1712782781360 0.7 55
1712782817510 0.77 60
1712782853672 0.83 65
1712782889802 0.9 70
1712782925898 0.96 75
1712782972266 1.0 78
1712782985860 1.02 80
1712783021945 1.09 85
1712783058070 1.15 90
1712783094179 1.22 95
1712783130301 1.28 100
1712783166432 1.34 105
1712783202526 1.41 110
1712783238664 1.47 115
1712783274734 1.54 120
1712783310858 1.6 125
1712783346939 1.66 130
1712783383058 1.73 135
1712783419171 1.79 140
1712783455325 1.86 145
1712783491412 1.92 150
1712783527510 1.98 155
1712783560308 2.0 156
1712783587421 2.05 160
1712783623549 2.11 165
1712783659700 2.18 170
1712783695809 2.24 175
1712783731899 2.3 180
1712783768055 2.37 185
1712783804140 2.43 190
1712783840271 2.5 195
1712783876407 2.56 200
1712783912488 2.62 205
1712783948642 2.69 210
1712783984700 2.75 215
1712784020824 2.82 220
1712784056944 2.88 225
1712784093039 2.94 230
1712784148410 3.0 234
1712784152951 3.01 235
1712784189051 3.07 240
1712784225137 3.14 245
1712784261251 3.2 250
1712784297369 3.26 255
1712784333454 3.33 260
1712784369550 3.39 265
1712784405743 3.46 270
1712784441837 3.52 275
1712784477970 3.58 280
1712784514085 3.65 285
1712784550227 3.71 290
1712784586376 3.78 295
1712784622541 3.84 300
1712784658652 3.9 305
1712784694750 3.97 310
1712784736568 3.99 312
1712784754670 4.03 315
1712784790789 4.1 320
1712784826900 4.16 325
1712784863011 4.22 330
1712784899134 4.29 335
1712784935244 4.35 340
1712784971373 4.42 345
1712785007463 4.48 350
1712785043586 4.54 355
1712785079708 4.61 360
1712785115850 4.67 365
1712785151996 4.74 370
1712785188144 4.8 375
1712785224257 4.86 380
1712785260372 4.93 385
1712785296469 4.99 390
1712785320256 4.99 390
1712785320260 4.99 390
