1712782420405 8.412596401028278e-06 5
1712782456377 8.303341902313625e-06 10
1712782492461 8.194087403598971e-06 15
1712782528548 8.084832904884318e-06 20
1712782564675 7.975578406169666e-06 25
1712782600772 7.866323907455013e-06 30
1712782636870 7.75706940874036e-06 35
1712782672997 7.647814910025707e-06 40
1712782709087 7.538560411311054e-06 45
1712782745239 7.4293059125964006e-06 50
1712782781360 7.320051413881748e-06 55
1712782817510 7.210796915167095e-06 60
1712782853672 7.101542416452442e-06 65
1712782889802 6.9922879177377895e-06 70
1712782925898 6.883033419023136e-06 75
1712782985860 6.7737789203084835e-06 80
1712783021945 6.66452442159383e-06 85
1712783058070 6.555269922879177e-06 90
1712783094179 6.446015424164525e-06 95
1712783130301 6.3367609254498716e-06 100
1712783166432 6.227506426735219e-06 105
1712783202526 6.118251928020566e-06 110
1712783238664 6.008997429305912e-06 115
1712783274734 5.89974293059126e-06 120
1712783310858 5.790488431876606e-06 125
1712783346939 5.6812339331619545e-06 130
1712783383058 5.571979434447301e-06 135
1712783419171 5.462724935732648e-06 140
1712783455325 5.353470437017995e-06 145
1712783491412 5.244215938303342e-06 150
1712783527510 5.134961439588688e-06 155
1712783587421 5.025706940874036e-06 160
1712783623549 4.916452442159383e-06 165
1712783659700 4.807197943444731e-06 170
1712783695809 4.697943444730077e-06 175
1712783731899 4.588688946015424e-06 180
1712783768055 4.479434447300771e-06 185
1712783804140 4.370179948586118e-06 190
1712783840271 4.260925449871465e-06 195
1712783876407 4.151670951156813e-06 200
1712783912488 4.042416452442159e-06 205
1712783948642 3.933161953727507e-06 210
1712783984700 3.823907455012853e-06 215
1712784020824 3.7146529562982003e-06 220
1712784056944 3.6053984575835473e-06 225
1712784093039 3.4961439588688947e-06 230
1712784152951 3.3868894601542418e-06 235
1712784189051 3.2776349614395883e-06 240
1712784225137 3.1683804627249358e-06 245
1712784261251 3.059125964010283e-06 250
1712784297369 2.94987146529563e-06 255
1712784333454 2.8406169665809772e-06 260
1712784369550 2.731362467866324e-06 265
1712784405743 2.622107969151671e-06 270
1712784441837 2.512853470437018e-06 275
1712784477970 2.4035989717223653e-06 280
1712784514085 2.294344473007712e-06 285
1712784550227 2.185089974293059e-06 290
1712784586376 2.0758354755784063e-06 295
1712784622541 1.9665809768637533e-06 300
1712784658652 1.8573264781491001e-06 305
1712784694750 1.7480719794344474e-06 310
1712784754670 1.6388174807197942e-06 315
