1712782420405 2.3792 5
1712782456377 1.9426 10
1712782492461 1.8279 15
1712782528548 1.7617 20
1712782564675 1.7359 25
1712782600772 1.681 30
1712782636870 1.6632 35
1712782672997 1.6858 40
1712782709087 1.6874 45
1712782745239 1.6624 50
1712782781360 1.6665 55
1712782817510 1.632 60
1712782853672 1.6608 65
1712782889802 1.6457 70
1712782925898 1.5837 75
1712782985860 1.5833 80
1712783021945 1.5763 85
1712783058070 1.5575 90
1712783094179 1.5404 95
1712783130301 1.5769 100
1712783166432 1.5815 105
1712783202526 1.5318 110
1712783238664 1.5538 115
1712783274734 1.5287 120
1712783310858 1.5585 125
1712783346939 1.5259 130
1712783383058 1.5226 135
1712783419171 1.5569 140
1712783455325 1.5437 145
1712783491412 1.5124 150
1712783527510 1.5103 155
1712783587421 1.5134 160
1712783623549 1.4824 165
1712783659700 1.498 170
1712783695809 1.5086 175
1712783731899 1.514 180
1712783768055 1.4789 185
1712783804140 1.5028 190
1712783840271 1.4779 195
1712783876407 1.5071 200
1712783912488 1.4937 205
1712783948642 1.528 210
1712783984700 1.4733 215
1712784020824 1.5011 220
1712784056944 1.4845 225
1712784093039 1.4566 230
1712784152951 1.4785 235
1712784189051 1.4556 240
1712784225137 1.411 245
1712784261251 1.4583 250
1712784297369 1.4891 255
1712784333454 1.4761 260
1712784369550 1.4585 265
1712784405743 1.499 270
1712784441837 1.4979 275
1712784477970 1.5182 280
1712784514085 1.4726 285
1712784550227 1.465 290
1712784586376 1.4889 295
1712784622541 1.488 300
1712784658652 1.4729 305
1712784694750 1.4361 310
1712784754670 1.428 315
