1712782367560 0.2 0
1712782377597 3.4 1
1712782387633 4.4 2
1712782397669 3.0 3
1712782407706 3.3 4
1712782417742 3.4 5
1712782427779 3.3 6
1712782437814 3.3 7
1712782447849 3.3 8
1712782457882 3.3 9
1712782467915 3.3 10
1712782477947 3.3 11
1712782487994 3.3 12
1712782498028 3.3 13
1712782508062 3.3 14
1712782518095 3.3 15
1712782528129 3.3 16
1712782538165 3.3 17
1712782548201 3.2 18
1712782558238 3.3 19
1712782568281 3.3 20
1712782578309 11.5 21
1712782588344 3.2 22
1712782598380 3.5 23
1712782608416 3.4 24
1712782618452 3.3 25
1712782628482 3.3 26
1712782638513 3.5 27
1712782648549 3.3 28
1712782658592 3.3 29
1712782668627 3.3 30
1712782678656 3.3 31
1712782688694 3.3 32
1712782698731 3.3 33
1712782708768 3.3 34
1712782718804 3.3 35
1712782728840 3.3 36
1712782738875 3.3 37
1712782748905 3.3 38
1712782758939 10.5 39
1712782768975 3.3 40
1712782779011 3.3 41
1712782789047 3.3 42
1712782799083 3.2 43
1712782809120 3.2 44
1712782819155 3.6 45
1712782829191 3.3 46
1712782839249 11.2 47
1712782849288 3.3 48
1712782859327 3.3 49
1712782869363 3.5 50
1712782879399 3.4 51
1712782889435 3.3 52
1712782899472 11.0 53
1712782909509 3.3 54
1712782919546 3.3 55
1712782929585 3.4 56
1712782939616 3.3 57
1712782949668 3.3 58
1712782959707 3.3 59
1712782969742 3.4 60
1712782979777 3.4 61
1712782989811 3.3 62
1712782999846 3.3 63
1712783009881 3.3 64
1712783019915 3.3 65
1712783029950 3.3 66
1712783040015 3.3 67
1712783050052 3.3 68
1712783060088 3.2 69
1712783070124 3.3 70
1712783080160 3.2 71
1712783090195 3.3 72
1712783100231 3.3 73
1712783110268 3.3 74
1712783120303 3.3 75
1712783130346 3.2 76
1712783140378 3.3 77
1712783150406 3.3 78
1712783160439 3.2 79
1712783170478 3.3 80
1712783180516 3.3 81
1712783190554 3.3 82
1712783200592 3.3 83
1712783210629 3.3 84
1712783220680 3.5 85
1712783230716 3.7 86
1712783240753 3.3 87
1712783250789 3.3 88
1712783260825 3.3 89
1712783270861 3.3 90
1712783280895 3.3 91
1712783290927 3.3 92
1712783300962 3.3 93
1712783310998 3.3 94
1712783321034 3.3 95
1712783331070 3.3 96
1712783341104 3.3 97
1712783351138 3.3 98
1712783361176 3.3 99
1712783371212 3.3 100
1712783381271 3.3 101
1712783391308 3.7 102
1712783401347 3.3 103
1712783411383 3.3 104
1712783421419 3.4 105
1712783431455 3.3 106
1712783441487 3.3 107
1712783451519 3.4 108
1712783461548 3.3 109
1712783471603 3.3 110
1712783481636 3.3 111
1712783491669 3.3 112
1712783501700 3.3 113
1712783511733 3.3 114
1712783521768 3.3 115
1712783531801 3.3 116
1712783541830 3.3 117
1712783551879 3.4 118
1712783561914 3.4 119
1712783571946 3.4 120
1712783581980 3.3 121
1712783592012 3.3 122
1712783602044 3.3 123
1712783612077 3.3 124
1712783622109 3.3 125
1712783632141 3.3 126
1712783642172 3.3 127
1712783652210 3.3 128
1712783662248 3.3 129
1712783672285 3.3 130
1712783682330 3.3 131
1712783692368 3.3 132
1712783702405 3.3 133
1712783712442 3.3 134
1712783722478 3.3 135
1712783732515 3.3 136
1712783742545 3.4 137
1712783752582 3.3 138
1712783762644 3.3 139
1712783772683 3.4 140
1712783782714 3.3 141
1712783792752 3.3 142
1712783802790 3.3 143
1712783812827 3.3 144
1712783822865 3.3 145
1712783832903 3.3 146
1712783842940 3.3 147
1712783852979 3.3 148
1712783863019 3.5 149
1712783873057 3.3 150
1712783883090 3.3 151
1712783893124 3.3 152
1712783903157 3.3 153
1712783913191 3.3 154
1712783923224 3.3 155
1712783933284 3.3 156
1712783943319 3.3 157
1712783953360 3.3 158
1712783963400 3.3 159
1712783973440 3.3 160
1712783983480 3.3 161
1712783993508 3.3 162
1712784003533 4.5 163
1712784013570 6.8 164
1712784023613 4.5 165
1712784033655 3.3 166
1712784043695 3.3 167
1712784053736 3.3 168
1712784063777 3.3 169
1712784073818 3.3 170
1712784083860 3.3 171
1712784093899 3.3 172
1712784103940 3.3 173
1712784113981 3.3 174
1712784124022 3.3 175
1712784134056 3.3 176
1712784144095 3.4 177
1712784154134 3.4 178
1712784164174 3.5 179
1712784174213 3.3 180
1712784184255 3.3 181
1712784194296 3.3 182
1712784204333 3.5 183
1712784214375 3.3 184
1712784224420 3.3 185
1712784234459 3.3 186
1712784244498 3.3 187
1712784254538 3.3 188
1712784264579 3.3 189
1712784274617 3.3 190
1712784284656 3.3 191
1712784294696 3.3 192
1712784304736 3.3 193
1712784314770 3.3 194
1712784324810 3.3 195
1712784334849 3.3 196
1712784344882 3.3 197
1712784354922 3.3 198
1712784364956 3.3 199
1712784375021 3.3 200
1712784385051 3.3 201
1712784395078 3.3 202
1712784405119 3.3 203
1712784415160 3.3 204
1712784425201 3.3 205
1712784435240 3.3 206
1712784445281 3.3 207
1712784455306 3.3 208
1712784465339 3.3 209
1712784475366 3.3 210
1712784485392 3.4 211
1712784495429 3.4 212
1712784505467 3.3 213
1712784515508 3.3 214
1712784525550 3.3 215
1712784535576 3.3 216
1712784545615 3.3 217
1712784555669 3.3 218
1712784565705 5.9 219
1712784575732 6.7 220
1712784585770 6.6 221
1712784595796 6.6 222
1712784605830 6.0 223
1712784615868 3.5 224
1712784625894 3.3 225
1712784635920 3.3 226
1712784645947 3.3 227
1712784655981 3.3 228
1712784666018 3.6 229
1712784676045 3.6 230
1712784686070 3.3 231
1712784696094 3.3 232
1712784706119 3.3 233
1712784716148 3.3 234
1712784726173 3.3 235
1712784736205 3.4 236
1712784746228 3.4 237
1712784756250 3.3 238
1712784766272 3.3 239
1712784776295 3.3 240
1712784786318 3.4 241
1712784796341 3.4 242
1712784806366 3.3 243
1712784816392 3.4 244
1712784826417 3.4 245
1712784836443 3.3 246
1712784846471 3.5 247
1712784856496 3.3 248
1712784866520 3.4 249
1712784876558 3.3 250
1712784886592 3.3 251
1712784896616 3.3 252
1712784906647 3.4 253
1712784916672 3.4 254
1712784926697 3.3 255
1712784936722 3.3 256
1712784946747 3.4 257
1712784956772 3.3 258
1712784966797 3.3 259
1712784976834 3.3 260
1712784986877 3.3 261
1712784996914 3.3 262
1712785006954 3.3 263
1712785016995 3.3 264
1712785027037 3.3 265
1712785037080 3.3 266
1712785047116 3.3 267
1712785057161 3.3 268
1712785067205 3.3 269
1712785077240 3.3 270
1712785087281 3.3 271
1712785097325 3.3 272
1712785107362 3.3 273
1712785117398 3.3 274
1712785127436 3.3 275
1712785137474 3.3 276
1712785147517 3.3 277
1712785157555 3.3 278
1712785167597 3.3 279
1712785177639 3.3 280
1712785187682 3.3 281
1712785197729 3.3 282
1712785207774 3.3 283
1712785217819 3.4 284
1712785227896 3.3 285
1712785237946 3.3 286
1712785247992 3.3 287
1712785258032 3.3 288
1712785268077 3.3 289
1712785278119 3.3 290
1712785288159 3.3 291
1712785298225 3.3 292
1712785308266 3.3 293
1712785318315 3.4 294
