1712782367560 198476.3 0
1712782377597 198476.3 1
1712782387633 198476.3 2
1712782397669 198476.3 3
1712782407706 198476.3 4
1712782417742 198476.3 5
1712782427779 198476.3 6
1712782437814 198476.3 7
1712782447849 198476.3 8
1712782457882 198476.3 9
1712782467915 198476.3 10
1712782477947 198476.3 11
1712782487994 198476.3 12
1712782498028 198476.3 13
1712782508062 198476.3 14
1712782518095 198476.9 15
1712782528129 198476.9 16
1712782538165 198476.9 17
1712782548201 198476.9 18
1712782558238 198476.9 19
1712782568281 198476.6 20
1712782578309 198476.6 21
1712782588344 198476.6 22
1712782598380 198476.6 23
1712782608416 198476.6 24
1712782618452 198476.6 25
1712782628482 198476.6 26
1712782638513 198476.6 27
1712782648549 198476.6 28
1712782658592 198476.6 29
1712782668627 198476.6 30
1712782678656 198476.6 31
1712782688694 198476.6 32
1712782698731 198476.6 33
1712782708768 198476.6 34
1712782718804 198476.6 35
1712782728840 198476.6 36
1712782738875 198476.6 37
1712782748905 198476.6 38
1712782758939 198476.6 39
1712782768975 198476.6 40
1712782779011 198476.6 41
1712782789047 198476.6 42
1712782799083 198476.6 43
1712782809120 198476.6 44
1712782819155 198476.1 45
1712782829191 198476.1 46
1712782839249 198476.1 47
1712782849288 198476.1 48
1712782859327 198476.1 49
1712782869363 198476.8 50
1712782879399 198476.8 51
1712782889435 198476.8 52
1712782899472 198476.8 53
1712782909509 198476.8 54
1712782919546 198476.6 55
1712782929585 198476.6 56
1712782939616 198476.6 57
1712782949668 198476.6 58
1712782959707 198476.6 59
1712782969742 198476.6 60
1712782979777 198476.6 61
1712782989811 198476.6 62
1712782999846 198476.6 63
1712783009881 198476.6 64
1712783019915 198476.6 65
1712783029950 198476.6 66
1712783040015 198476.6 67
1712783050052 198476.6 68
1712783060088 198476.6 69
1712783070124 198476.6 70
1712783080160 198476.6 71
1712783090195 198476.6 72
1712783100231 198476.6 73
1712783110268 198476.6 74
1712783120303 198476.6 75
1712783130346 198476.6 76
1712783140378 198476.6 77
1712783150406 198476.6 78
1712783160439 198476.6 79
1712783170478 198476.6 80
1712783180516 198476.6 81
1712783190554 198476.6 82
1712783200592 198476.6 83
1712783210629 198476.6 84
1712783220680 198476.8 85
1712783230716 198476.8 86
1712783240753 198476.8 87
1712783250789 198476.8 88
1712783260825 198476.8 89
1712783270861 198476.8 90
1712783280895 198476.8 91
1712783290927 198476.8 92
1712783300962 198476.8 93
1712783310998 198476.8 94
1712783321034 198476.8 95
1712783331070 198476.8 96
1712783341104 198476.8 97
1712783351138 198476.8 98
1712783361176 198476.8 99
1712783371212 198476.8 100
1712783381271 198476.8 101
1712783391308 198476.8 102
1712783401347 198476.8 103
1712783411383 198476.8 104
1712783421419 198476.3 105
1712783431455 198476.3 106
1712783441487 198476.3 107
1712783451519 198476.4 108
1712783461548 198476.4 109
1712783471603 198476.4 110
1712783481636 198476.4 111
1712783491669 198476.4 112
1712783501700 198476.4 113
1712783511733 198476.4 114
1712783521768 198476.4 115
1712783531801 198476.4 116
1712783541830 198476.4 117
1712783551879 198476.4 118
1712783561914 198476.4 119
1712783571946 198476.4 120
1712783581980 198476.4 121
1712783592012 198476.4 122
1712783602044 198476.4 123
1712783612077 198476.4 124
1712783622109 198476.4 125
1712783632141 198476.4 126
1712783642172 198476.4 127
1712783652210 198476.4 128
1712783662248 198476.4 129
1712783672285 198476.4 130
1712783682330 198476.4 131
1712783692368 198476.4 132
1712783702405 198476.4 133
1712783712442 198476.4 134
1712783722478 198476.8 135
1712783732515 198476.8 136
1712783742545 198476.8 137
1712783752582 198476.8 138
1712783762644 198476.8 139
1712783772683 198476.8 140
1712783782714 198476.8 141
1712783792752 198476.8 142
1712783802790 198476.8 143
1712783812827 198476.8 144
1712783822865 198476.8 145
1712783832903 198476.8 146
1712783842940 198476.8 147
1712783852979 198476.8 148
1712783863019 198476.8 149
1712783873057 198476.8 150
1712783883090 198476.8 151
1712783893124 198476.8 152
1712783903157 198476.8 153
1712783913191 198476.8 154
1712783923224 198476.8 155
1712783933284 198476.8 156
1712783943319 198476.8 157
1712783953360 198476.8 158
1712783963400 198476.8 159
1712783973440 198476.8 160
1712783983480 198476.8 161
1712783993508 198476.8 162
1712784003533 198476.5 163
1712784013570 198476.0 164
1712784023613 198476.1 165
1712784033655 198476.1 166
1712784043695 198476.1 167
1712784053736 198476.1 168
1712784063777 198476.1 169
1712784073818 198476.0 170
1712784083860 198476.0 171
1712784093899 198476.0 172
1712784103940 198476.0 173
1712784113981 198475.9 174
1712784124022 198475.9 175
1712784134056 198475.9 176
1712784144095 198475.9 177
1712784154134 198475.9 178
1712784164174 198475.9 179
1712784174213 198475.9 180
1712784184255 198475.9 181
1712784194296 198475.9 182
1712784204333 198475.9 183
1712784214375 198475.9 184
1712784224420 198475.9 185
1712784234459 198475.9 186
1712784244498 198475.9 187
1712784254538 198475.9 188
1712784264579 198475.9 189
1712784274617 198475.9 190
1712784284656 198475.9 191
1712784294696 198475.9 192
1712784304736 198476.5 193
1712784314770 198476.5 194
1712784324810 198476.5 195
1712784334849 198476.5 196
1712784344882 198476.5 197
1712784354922 198476.5 198
1712784364956 198476.5 199
1712784375021 198476.5 200
1712784385051 198476.5 201
1712784395078 198476.4 202
1712784405119 198475.9 203
1712784415160 198475.9 204
1712784425201 198475.9 205
1712784435240 198475.9 206
1712784445281 198475.9 207
1712784455306 198475.9 208
1712784465339 198475.9 209
1712784475366 198475.9 210
1712784485392 198475.9 211
1712784495429 198475.9 212
1712784505467 198475.9 213
1712784515508 198475.9 214
1712784525550 198475.9 215
1712784535576 198475.9 216
1712784545615 198475.9 217
1712784555669 198475.9 218
1712784565705 198475.9 219
1712784575732 198475.9 220
1712784585770 198475.9 221
1712784595796 198475.9 222
1712784605830 198475.9 223
1712784615868 198475.8 224
1712784625894 198475.8 225
1712784635920 198475.8 226
1712784645947 198475.9 227
1712784655981 198475.9 228
1712784666018 198475.9 229
1712784676045 198475.9 230
1712784686070 198475.9 231
1712784696094 198475.9 232
1712784706119 198475.9 233
1712784716148 198475.9 234
1712784726173 198475.9 235
1712784736205 198475.9 236
1712784746228 198475.9 237
1712784756250 198475.9 238
1712784766272 198475.9 239
1712784776295 198475.9 240
