1712782367560 16167.2 0
1712782377597 16167.2 1
1712782387633 16167.2 2
1712782397669 16167.2 3
1712782407706 16167.2 4
1712782417742 16167.2 5
1712782427779 16167.2 6
1712782437814 16167.2 7
1712782447849 16167.2 8
1712782457882 16167.2 9
1712782467915 16167.2 10
1712782477947 16167.2 11
1712782487994 16167.2 12
1712782498028 16167.2 13
1712782508062 16167.2 14
1712782518095 16166.6 15
1712782528129 16166.6 16
1712782538165 16166.6 17
1712782548201 16166.6 18
1712782558238 16166.6 19
1712782568281 16166.9 20
1712782578309 16166.9 21
1712782588344 16166.9 22
1712782598380 16166.9 23
1712782608416 16166.9 24
1712782618452 16166.9 25
1712782628482 16166.9 26
1712782638513 16166.9 27
1712782648549 16166.9 28
1712782658592 16166.9 29
1712782668627 16166.9 30
1712782678656 16166.9 31
1712782688694 16166.9 32
1712782698731 16166.9 33
1712782708768 16166.9 34
1712782718804 16166.9 35
1712782728840 16166.9 36
1712782738875 16166.9 37
1712782748905 16166.9 38
1712782758939 16166.9 39
1712782768975 16166.9 40
1712782779011 16166.9 41
1712782789047 16166.9 42
1712782799083 16166.9 43
1712782809120 16166.9 44
1712782819155 16167.4 45
1712782829191 16167.4 46
1712782839249 16167.4 47
1712782849288 16167.4 48
1712782859327 16167.4 49
1712782869363 16166.7 50
1712782879399 16166.7 51
1712782889435 16166.7 52
1712782899472 16166.7 53
1712782909509 16166.7 54
1712782919546 16166.9 55
1712782929585 16167.0 56
1712782939616 16167.0 57
1712782949668 16167.0 58
1712782959707 16166.9 59
1712782969742 16166.9 60
1712782979777 16166.9 61
1712782989811 16166.9 62
1712782999846 16166.9 63
1712783009881 16166.9 64
1712783019915 16166.9 65
1712783029950 16166.9 66
1712783040015 16166.9 67
1712783050052 16166.9 68
1712783060088 16166.9 69
1712783070124 16166.9 70
1712783080160 16166.9 71
1712783090195 16166.9 72
1712783100231 16166.9 73
1712783110268 16166.9 74
1712783120303 16166.9 75
1712783130346 16166.9 76
1712783140378 16166.9 77
1712783150406 16166.9 78
1712783160439 16166.9 79
1712783170478 16166.9 80
1712783180516 16166.9 81
1712783190554 16166.9 82
1712783200592 16166.9 83
1712783210629 16166.9 84
1712783220680 16166.7 85
1712783230716 16166.7 86
1712783240753 16166.7 87
1712783250789 16166.7 88
1712783260825 16166.7 89
1712783270861 16166.7 90
1712783280895 16166.7 91
1712783290927 16166.7 92
1712783300962 16166.7 93
1712783310998 16166.7 94
1712783321034 16166.7 95
1712783331070 16166.7 96
1712783341104 16166.7 97
1712783351138 16166.7 98
1712783361176 16166.7 99
1712783371212 16166.7 100
1712783381271 16166.7 101
1712783391308 16166.7 102
1712783401347 16166.7 103
1712783411383 16166.7 104
1712783421419 16167.2 105
1712783431455 16167.2 106
1712783441487 16167.2 107
1712783451519 16167.1 108
1712783461548 16167.1 109
1712783471603 16167.1 110
1712783481636 16167.1 111
1712783491669 16167.1 112
1712783501700 16167.1 113
1712783511733 16167.1 114
1712783521768 16167.1 115
1712783531801 16167.1 116
1712783541830 16167.1 117
1712783551879 16167.1 118
1712783561914 16167.1 119
1712783571946 16167.1 120
1712783581980 16167.1 121
1712783592012 16167.1 122
1712783602044 16167.1 123
1712783612077 16167.1 124
1712783622109 16167.1 125
1712783632141 16167.1 126
1712783642172 16167.1 127
1712783652210 16167.1 128
1712783662248 16167.1 129
1712783672285 16167.1 130
1712783682330 16167.1 131
1712783692368 16167.1 132
1712783702405 16167.1 133
1712783712442 16167.1 134
1712783722478 16166.7 135
1712783732515 16166.7 136
1712783742545 16166.7 137
1712783752582 16166.7 138
1712783762644 16166.7 139
1712783772683 16166.7 140
1712783782714 16166.7 141
1712783792752 16166.7 142
1712783802790 16166.7 143
1712783812827 16166.7 144
1712783822865 16166.7 145
1712783832903 16166.7 146
1712783842940 16166.7 147
1712783852979 16166.7 148
1712783863019 16166.7 149
1712783873057 16166.7 150
1712783883090 16166.7 151
1712783893124 16166.7 152
1712783903157 16166.7 153
1712783913191 16166.7 154
1712783923224 16166.7 155
1712783933284 16166.7 156
1712783943319 16166.7 157
1712783953360 16166.7 158
1712783963400 16166.7 159
1712783973440 16166.7 160
1712783983480 16166.7 161
1712783993508 16166.7 162
1712784003533 16167.0 163
1712784013570 16167.5 164
1712784023613 16167.4 165
1712784033655 16167.4 166
1712784043695 16167.4 167
1712784053736 16167.4 168
1712784063777 16167.4 169
1712784073818 16167.5 170
1712784083860 16167.5 171
1712784093899 16167.5 172
1712784103940 16167.5 173
1712784113981 16167.6 174
1712784124022 16167.6 175
1712784134056 16167.6 176
1712784144095 16167.6 177
1712784154134 16167.6 178
1712784164174 16167.6 179
1712784174213 16167.6 180
1712784184255 16167.6 181
1712784194296 16167.6 182
1712784204333 16167.6 183
1712784214375 16167.6 184
1712784224420 16167.6 185
1712784234459 16167.6 186
1712784244498 16167.6 187
1712784254538 16167.6 188
1712784264579 16167.6 189
1712784274617 16167.6 190
1712784284656 16167.6 191
1712784294696 16167.6 192
1712784304736 16167.0 193
1712784314770 16167.0 194
1712784324810 16167.0 195
1712784334849 16167.0 196
1712784344882 16167.0 197
1712784354922 16167.0 198
1712784364956 16167.0 199
1712784375021 16167.0 200
1712784385051 16167.0 201
1712784395078 16167.1 202
1712784405119 16167.6 203
1712784415160 16167.6 204
1712784425201 16167.6 205
1712784435240 16167.6 206
1712784445281 16167.6 207
1712784455306 16167.6 208
1712784465339 16167.6 209
1712784475366 16167.6 210
1712784485392 16167.6 211
1712784495429 16167.6 212
1712784505467 16167.6 213
1712784515508 16167.6 214
1712784525550 16167.6 215
1712784535576 16167.6 216
1712784545615 16167.6 217
1712784555669 16167.6 218
1712784565705 16167.6 219
1712784575732 16167.6 220
1712784585770 16167.6 221
1712784595796 16167.6 222
1712784605830 16167.6 223
1712784615868 16167.7 224
1712784625894 16167.7 225
1712784635920 16167.7 226
1712784645947 16167.6 227
1712784655981 16167.6 228
1712784666018 16167.6 229
1712784676045 16167.6 230
1712784686070 16167.6 231
1712784696094 16167.6 232
1712784706119 16167.6 233
1712784716148 16167.6 234
1712784726173 16167.6 235
1712784736205 16167.6 236
1712784746228 16167.6 237
1712784756250 16167.6 238
1712784766272 16167.6 239
1712784776295 16167.6 240
