1712782367560 0.0 0
1712782377597 97.0 1
1712782387633 96.0 2
1712782397669 100.0 3
1712782407706 100.0 4
1712782417742 100.0 5
1712782427779 100.0 6
1712782437814 94.0 7
1712782447849 94.0 8
1712782457882 100.0 9
1712782467915 100.0 10
1712782477947 100.0 11
1712782487994 100.0 12
1712782498028 94.0 13
1712782508062 94.0 14
1712782518095 100.0 15
1712782528129 100.0 16
1712782538165 100.0 17
1712782548201 100.0 18
1712782558238 100.0 19
1712782568281 100.0 20
1712782578309 100.0 21
1712782588344 94.0 22
1712782598380 100.0 23
1712782608416 94.0 24
1712782618452 100.0 25
1712782628482 100.0 26
1712782638513 100.0 27
1712782648549 100.0 28
1712782658592 100.0 29
1712782668627 100.0 30
1712782678656 94.0 31
1712782688694 94.0 32
1712782698731 100.0 33
1712782708768 100.0 34
1712782718804 100.0 35
1712782728840 100.0 36
1712782738875 100.0 37
1712782748905 100.0 38
1712782758939 93.0 39
1712782768975 94.0 40
1712782779011 96.0 41
1712782789047 94.0 42
1712782799083 100.0 43
1712782809120 100.0 44
1712782819155 100.0 45
1712782829191 100.0 46
1712782839249 100.0 47
1712782849288 100.0 48
1712782859327 94.0 49
1712782869363 100.0 50
1712782879399 94.0 51
1712782889435 100.0 52
1712782899472 100.0 53
1712782909509 100.0 54
1712782919546 100.0 55
1712782929585 100.0 56
1712782939616 100.0 57
1712782949668 94.0 58
1712782959707 93.0 59
1712782969742 97.0 60
1712782979777 97.0 61
1712782989811 94.0 62
1712782999846 100.0 63
1712783009881 100.0 64
1712783019915 100.0 65
1712783029950 100.0 66
1712783040015 100.0 67
1712783050052 100.0 68
1712783060088 94.0 69
1712783070124 94.0 70
1712783080160 100.0 71
1712783090195 100.0 72
1712783100231 100.0 73
1712783110268 100.0 74
1712783120303 100.0 75
1712783130346 100.0 76
1712783140378 99.0 77
1712783150406 94.0 78
1712783160439 94.0 79
1712783170478 100.0 80
1712783180516 100.0 81
1712783190554 100.0 82
1712783200592 100.0 83
1712783210629 100.0 84
1712783220680 100.0 85
1712783230716 94.0 86
1712783240753 94.0 87
1712783250789 100.0 88
1712783260825 100.0 89
1712783270861 100.0 90
1712783280895 100.0 91
1712783290927 100.0 92
1712783300962 100.0 93
1712783310998 94.0 94
1712783321034 93.0 95
1712783331070 100.0 96
1712783341104 100.0 97
1712783351138 100.0 98
1712783361176 100.0 99
1712783371212 100.0 100
1712783381271 100.0 101
1712783391308 93.0 102
1712783401347 97.0 103
1712783411383 94.0 104
1712783421419 94.0 105
1712783431455 100.0 106
1712783441487 100.0 107
1712783451519 100.0 108
1712783461548 100.0 109
1712783471603 100.0 110
1712783481636 100.0 111
1712783491669 94.0 112
1712783501700 93.0 113
1712783511733 100.0 114
1712783521768 100.0 115
1712783531801 100.0 116
1712783541830 100.0 117
1712783551879 97.0 118
1712783561914 97.0 119
1712783571946 100.0 120
1712783581980 100.0 121
1712783592012 100.0 122
1712783602044 94.0 123
1712783612077 94.0 124
1712783622109 95.0 125
1712783632141 100.0 126
1712783642172 100.0 127
1712783652210 100.0 128
1712783662248 100.0 129
1712783672285 100.0 130
1712783682330 100.0 131
1712783692368 100.0 132
1712783702405 94.0 133
1712783712442 100.0 134
1712783722478 100.0 135
1712783732515 100.0 136
1712783742545 100.0 137
1712783752582 100.0 138
1712783762644 100.0 139
1712783772683 100.0 140
1712783782714 94.0 141
1712783792752 100.0 142
1712783802790 100.0 143
1712783812827 100.0 144
1712783822865 100.0 145
1712783832903 100.0 146
1712783842940 100.0 147
1712783852979 100.0 148
1712783863019 100.0 149
1712783873057 94.0 150
1712783883090 94.0 151
1712783893124 100.0 152
1712783903157 100.0 153
1712783913191 100.0 154
1712783923224 100.0 155
1712783933284 100.0 156
1712783943319 100.0 157
1712783953360 94.0 158
1712783963400 94.0 159
1712783973440 97.0 160
1712783983480 100.0 161
1712783993508 100.0 162
1712784003533 100.0 163
1712784013570 100.0 164
1712784023613 100.0 165
1712784033655 94.0 166
1712784043695 98.0 167
1712784053736 94.0 168
1712784063777 100.0 169
1712784073818 100.0 170
1712784083860 100.0 171
1712784093899 100.0 172
1712784103940 100.0 173
1712784113981 100.0 174
1712784124022 94.0 175
1712784134056 99.0 176
1712784144095 97.0 177
1712784154134 97.0 178
1712784164174 94.0 179
1712784174213 100.0 180
1712784184255 100.0 181
1712784194296 100.0 182
1712784204333 100.0 183
1712784214375 100.0 184
1712784224420 100.0 185
1712784234459 94.0 186
1712784244498 100.0 187
1712784254538 100.0 188
1712784264579 100.0 189
1712784274617 100.0 190
1712784284656 100.0 191
1712784294696 100.0 192
1712784304736 100.0 193
1712784314770 94.0 194
1712784324810 100.0 195
1712784334849 100.0 196
1712784344882 100.0 197
1712784354922 100.0 198
1712784364956 100.0 199
1712784375021 100.0 200
1712784385051 89.0 201
1712784395078 100.0 202
1712784405119 94.0 203
1712784415160 94.0 204
1712784425201 100.0 205
1712784435240 100.0 206
1712784445281 100.0 207
1712784455306 100.0 208
1712784465339 100.0 209
1712784475366 100.0 210
1712784485392 94.0 211
1712784495429 94.0 212
1712784505467 100.0 213
1712784515508 100.0 214
1712784525550 100.0 215
1712784535576 100.0 216
1712784545615 100.0 217
1712784555669 100.0 218
1712784565705 100.0 219
1712784575732 94.0 220
1712784585770 94.0 221
1712784595796 100.0 222
1712784605830 100.0 223
1712784615868 100.0 224
1712784625894 100.0 225
1712784635920 100.0 226
1712784645947 100.0 227
1712784655981 100.0 228
1712784666018 99.0 229
1712784676045 99.0 230
1712784686070 94.0 231
1712784696094 100.0 232
1712784706119 100.0 233
1712784716148 100.0 234
1712784726173 97.0 235
1712784736205 97.0 236
1712784746228 94.0 237
1712784756250 100.0 238
1712784766272 100.0 239
1712784776295 100.0 240
