1712782367560 3912.0 0
1712782377597 7586.2 1
1712782387633 7586.2 2
1712782397669 61415.9 3
1712782407706 65442.4 4
1712782417742 65576.6 5
1712782427779 65576.6 6
1712782437814 65576.6 7
1712782447849 65576.6 8
1712782457882 65576.6 9
1712782467915 65576.6 10
1712782477947 65576.6 11
1712782487994 65576.6 12
1712782498028 65576.6 13
1712782508062 65576.6 14
1712782518095 65576.6 15
1712782528129 65576.6 16
1712782538165 65576.6 17
1712782548201 65576.6 18
1712782558238 65576.6 19
1712782568281 65576.6 20
1712782578309 65576.6 21
1712782588344 65576.6 22
1712782598380 65576.6 23
1712782608416 65576.6 24
1712782618452 65576.6 25
1712782628482 65576.6 26
1712782638513 65576.6 27
1712782648549 65576.6 28
1712782658592 65576.6 29
1712782668627 65576.6 30
1712782678656 65576.6 31
1712782688694 65576.6 32
1712782698731 65576.6 33
1712782708768 65576.6 34
1712782718804 65576.6 35
1712782728840 65576.6 36
1712782738875 65576.6 37
1712782748905 65576.6 38
1712782758939 65576.6 39
1712782768975 65576.6 40
1712782779011 65576.6 41
1712782789047 65576.6 42
1712782799083 65576.6 43
1712782809120 65576.6 44
1712782819155 65576.6 45
1712782829191 65576.6 46
1712782839249 65576.6 47
1712782849288 65576.6 48
1712782859327 65576.6 49
1712782869363 65576.6 50
1712782879399 65576.6 51
1712782889435 65576.6 52
1712782899472 65576.6 53
1712782909509 65576.6 54
1712782919546 65576.6 55
1712782929585 65576.6 56
1712782939616 65576.6 57
1712782949668 65576.6 58
1712782959707 65576.6 59
1712782969742 65576.6 60
1712782979777 65576.6 61
1712782989811 65576.6 62
1712782999846 65576.6 63
1712783009881 65576.6 64
1712783019915 65576.6 65
1712783029950 65576.6 66
1712783040015 65576.6 67
1712783050052 65576.6 68
1712783060088 65576.6 69
1712783070124 65576.6 70
1712783080160 65576.6 71
1712783090195 65576.6 72
1712783100231 65576.6 73
1712783110268 65576.6 74
1712783120303 65576.6 75
1712783130346 65576.6 76
1712783140378 65576.6 77
1712783150406 65576.6 78
1712783160439 65576.6 79
1712783170478 65576.6 80
1712783180516 65576.6 81
1712783190554 65576.6 82
1712783200592 65576.6 83
1712783210629 65576.6 84
1712783220680 65576.6 85
1712783230716 65576.6 86
1712783240753 65576.6 87
1712783250789 65576.6 88
1712783260825 65576.6 89
1712783270861 65576.6 90
1712783280895 65576.6 91
1712783290927 65576.6 92
1712783300962 65576.6 93
1712783310998 65576.6 94
1712783321034 65576.6 95
1712783331070 65576.6 96
1712783341104 65576.6 97
1712783351138 65576.6 98
1712783361176 65576.6 99
1712783371212 65576.6 100
1712783381271 65576.6 101
1712783391308 65576.6 102
1712783401347 65576.6 103
1712783411383 65576.6 104
1712783421419 65576.6 105
1712783431455 65576.6 106
1712783441487 65576.6 107
1712783451519 65576.6 108
1712783461548 65576.6 109
1712783471603 65576.6 110
1712783481636 65576.6 111
1712783491669 65576.6 112
1712783501700 65576.6 113
1712783511733 65576.6 114
1712783521768 65576.6 115
1712783531801 65576.6 116
1712783541830 65576.6 117
1712783551879 65576.6 118
1712783561914 65576.6 119
1712783571946 65576.6 120
1712783581980 65576.6 121
1712783592012 65576.6 122
1712783602044 65576.6 123
1712783612077 65576.6 124
1712783622109 65576.6 125
1712783632141 65576.6 126
1712783642172 65576.6 127
1712783652210 65576.6 128
1712783662248 65576.6 129
1712783672285 65576.6 130
1712783682330 65576.6 131
1712783692368 65576.6 132
1712783702405 65576.6 133
1712783712442 65576.6 134
1712783722478 65576.6 135
1712783732515 65576.6 136
1712783742545 65576.6 137
1712783752582 65576.6 138
1712783762644 65576.6 139
1712783772683 65576.6 140
1712783782714 65576.6 141
1712783792752 65576.6 142
1712783802790 65576.6 143
1712783812827 65576.6 144
1712783822865 65576.6 145
1712783832903 65576.6 146
1712783842940 65576.6 147
1712783852979 65576.6 148
1712783863019 65576.6 149
1712783873057 65576.6 150
1712783883090 65576.6 151
1712783893124 65576.6 152
1712783903157 65576.6 153
1712783913191 65576.6 154
1712783923224 65576.6 155
1712783933284 65576.6 156
1712783943319 65576.6 157
1712783953360 65576.6 158
1712783963400 65576.6 159
1712783973440 65576.6 160
1712783983480 65576.6 161
1712783993508 65576.6 162
1712784003533 65576.6 163
1712784013570 65576.6 164
1712784023613 65576.6 165
1712784033655 65576.6 166
1712784043695 65576.6 167
1712784053736 65576.6 168
1712784063777 65576.6 169
1712784073818 65576.6 170
1712784083860 65576.6 171
1712784093899 65576.6 172
1712784103940 65576.6 173
1712784113981 65576.6 174
1712784124022 65576.6 175
1712784134056 65576.6 176
1712784144095 65576.6 177
1712784154134 65576.6 178
1712784164174 65576.6 179
1712784174213 65576.6 180
1712784184255 65576.6 181
1712784194296 65576.6 182
1712784204333 65576.6 183
1712784214375 65576.6 184
1712784224420 65576.6 185
1712784234459 65576.6 186
1712784244498 65576.6 187
1712784254538 65576.6 188
1712784264579 65576.6 189
1712784274617 65576.6 190
1712784284656 65576.6 191
1712784294696 65576.6 192
1712784304736 65576.6 193
1712784314770 65576.6 194
1712784324810 65576.6 195
1712784334849 65576.6 196
1712784344882 65576.6 197
1712784354922 65576.6 198
1712784364956 65576.6 199
1712784375021 65576.6 200
1712784385051 65576.6 201
1712784395078 65576.6 202
1712784405119 65576.6 203
1712784415160 65576.6 204
1712784425201 65576.6 205
1712784435240 65576.6 206
1712784445281 65576.6 207
1712784455306 65576.6 208
1712784465339 65576.6 209
1712784475366 65576.6 210
1712784485392 65576.6 211
1712784495429 65576.6 212
1712784505467 65576.6 213
1712784515508 65576.6 214
1712784525550 65576.6 215
1712784535576 65576.6 216
1712784545615 65576.6 217
1712784555669 65576.6 218
1712784565705 65576.6 219
1712784575732 65576.6 220
1712784585770 65576.6 221
1712784595796 65576.6 222
1712784605830 65576.6 223
1712784615868 65576.6 224
1712784625894 65576.6 225
1712784635920 65576.6 226
1712784645947 65576.6 227
1712784655981 65576.6 228
1712784666018 65576.6 229
1712784676045 65576.6 230
1712784686070 65576.6 231
1712784696094 65576.6 232
1712784706119 65576.6 233
1712784716148 65576.6 234
1712784726173 65576.6 235
1712784736205 65576.6 236
1712784746228 65576.6 237
1712784756250 65576.6 238
1712784766272 65576.6 239
1712784776295 65576.6 240
1712784786318 65576.6 241
1712784796341 65576.6 242
1712784806366 65576.6 243
1712784816392 65576.6 244
1712784826417 65576.6 245
1712784836443 65576.6 246
1712784846471 65576.6 247
1712784856496 65576.6 248
1712784866520 65576.6 249
1712784876558 65576.6 250
1712784886592 65576.6 251
1712784896616 65576.6 252
1712784906647 65576.6 253
1712784916672 65576.6 254
1712784926697 65576.6 255
1712784936722 65576.6 256
1712784946747 65576.6 257
1712784956772 65576.6 258
1712784966797 65576.6 259
1712784976834 65576.6 260
1712784986877 65576.6 261
1712784996914 65576.6 262
1712785006954 65576.6 263
1712785016995 65576.6 264
1712785027037 65576.6 265
1712785037080 65576.6 266
1712785047116 65576.6 267
1712785057161 65576.6 268
1712785067205 65576.6 269
1712785077240 65576.6 270
1712785087281 65576.6 271
1712785097325 65576.6 272
1712785107362 65576.6 273
1712785117398 65576.6 274
1712785127436 65576.6 275
1712785137474 65576.6 276
1712785147517 65576.6 277
1712785157555 65576.6 278
1712785167597 65576.6 279
1712785177639 65576.6 280
1712785187682 65576.6 281
1712785197729 65576.6 282
1712785207774 65576.6 283
1712785217819 65576.6 284
1712785227896 65576.6 285
1712785237946 65576.6 286
1712785247992 65576.6 287
1712785258032 65576.6 288
1712785268077 65576.6 289
1712785278119 65576.6 290
1712785288159 65576.6 291
1712785298225 65576.6 292
1712785308266 65576.6 293
1712785318315 65576.6 294
