1712782367560 4.6 0
1712782377597 8.8 1
1712782387633 8.8 2
1712782397669 71.5 3
1712782407706 76.2 4
1712782417742 76.3 5
1712782427779 76.3 6
1712782437814 76.3 7
1712782447849 76.3 8
1712782457882 76.3 9
1712782467915 76.3 10
1712782477947 76.3 11
1712782487994 76.3 12
1712782498028 76.3 13
1712782508062 76.3 14
1712782518095 76.3 15
1712782528129 76.3 16
1712782538165 76.3 17
1712782548201 76.3 18
1712782558238 76.3 19
1712782568281 76.3 20
1712782578309 76.3 21
1712782588344 76.3 22
1712782598380 76.3 23
1712782608416 76.3 24
1712782618452 76.3 25
1712782628482 76.3 26
1712782638513 76.3 27
1712782648549 76.3 28
1712782658592 76.3 29
1712782668627 76.3 30
1712782678656 76.3 31
1712782688694 76.3 32
1712782698731 76.3 33
1712782708768 76.3 34
1712782718804 76.3 35
1712782728840 76.3 36
1712782738875 76.3 37
1712782748905 76.3 38
1712782758939 76.3 39
1712782768975 76.3 40
1712782779011 76.3 41
1712782789047 76.3 42
1712782799083 76.3 43
1712782809120 76.3 44
1712782819155 76.3 45
1712782829191 76.3 46
1712782839249 76.3 47
1712782849288 76.3 48
1712782859327 76.3 49
1712782869363 76.3 50
1712782879399 76.3 51
1712782889435 76.3 52
1712782899472 76.3 53
1712782909509 76.3 54
1712782919546 76.3 55
1712782929585 76.3 56
1712782939616 76.3 57
1712782949668 76.3 58
1712782959707 76.3 59
1712782969742 76.3 60
1712782979777 76.3 61
1712782989811 76.3 62
1712782999846 76.3 63
1712783009881 76.3 64
1712783019915 76.3 65
1712783029950 76.3 66
1712783040015 76.3 67
1712783050052 76.3 68
1712783060088 76.3 69
1712783070124 76.3 70
1712783080160 76.3 71
1712783090195 76.3 72
1712783100231 76.3 73
1712783110268 76.3 74
1712783120303 76.3 75
1712783130346 76.3 76
1712783140378 76.3 77
1712783150406 76.3 78
1712783160439 76.3 79
1712783170478 76.3 80
1712783180516 76.3 81
1712783190554 76.3 82
1712783200592 76.3 83
1712783210629 76.3 84
1712783220680 76.3 85
1712783230716 76.3 86
1712783240753 76.3 87
1712783250789 76.3 88
1712783260825 76.3 89
1712783270861 76.3 90
1712783280895 76.3 91
1712783290927 76.3 92
1712783300962 76.3 93
1712783310998 76.3 94
1712783321034 76.3 95
1712783331070 76.3 96
1712783341104 76.3 97
1712783351138 76.3 98
1712783361176 76.3 99
1712783371212 76.3 100
1712783381271 76.3 101
1712783391308 76.3 102
1712783401347 76.3 103
1712783411383 76.3 104
1712783421419 76.3 105
1712783431455 76.3 106
1712783441487 76.3 107
1712783451519 76.3 108
1712783461548 76.3 109
1712783471603 76.3 110
1712783481636 76.3 111
1712783491669 76.3 112
1712783501700 76.3 113
1712783511733 76.3 114
1712783521768 76.3 115
1712783531801 76.3 116
1712783541830 76.3 117
1712783551879 76.3 118
1712783561914 76.3 119
1712783571946 76.3 120
1712783581980 76.3 121
1712783592012 76.3 122
1712783602044 76.3 123
1712783612077 76.3 124
1712783622109 76.3 125
1712783632141 76.3 126
1712783642172 76.3 127
1712783652210 76.3 128
1712783662248 76.3 129
1712783672285 76.3 130
1712783682330 76.3 131
1712783692368 76.3 132
1712783702405 76.3 133
1712783712442 76.3 134
1712783722478 76.3 135
1712783732515 76.3 136
1712783742545 76.3 137
1712783752582 76.3 138
1712783762644 76.3 139
1712783772683 76.3 140
1712783782714 76.3 141
1712783792752 76.3 142
1712783802790 76.3 143
1712783812827 76.3 144
1712783822865 76.3 145
1712783832903 76.3 146
1712783842940 76.3 147
1712783852979 76.3 148
1712783863019 76.3 149
1712783873057 76.3 150
1712783883090 76.3 151
1712783893124 76.3 152
1712783903157 76.3 153
1712783913191 76.3 154
1712783923224 76.3 155
1712783933284 76.3 156
1712783943319 76.3 157
1712783953360 76.3 158
1712783963400 76.3 159
1712783973440 76.3 160
1712783983480 76.3 161
1712783993508 76.3 162
1712784003533 76.3 163
1712784013570 76.3 164
1712784023613 76.3 165
1712784033655 76.3 166
1712784043695 76.3 167
1712784053736 76.3 168
1712784063777 76.3 169
1712784073818 76.3 170
1712784083860 76.3 171
1712784093899 76.3 172
1712784103940 76.3 173
1712784113981 76.3 174
1712784124022 76.3 175
1712784134056 76.3 176
1712784144095 76.3 177
1712784154134 76.3 178
1712784164174 76.3 179
1712784174213 76.3 180
1712784184255 76.3 181
1712784194296 76.3 182
1712784204333 76.3 183
1712784214375 76.3 184
1712784224420 76.3 185
1712784234459 76.3 186
1712784244498 76.3 187
1712784254538 76.3 188
1712784264579 76.3 189
1712784274617 76.3 190
1712784284656 76.3 191
1712784294696 76.3 192
1712784304736 76.3 193
1712784314770 76.3 194
1712784324810 76.3 195
1712784334849 76.3 196
1712784344882 76.3 197
1712784354922 76.3 198
1712784364956 76.3 199
1712784375021 76.3 200
1712784385051 76.3 201
1712784395078 76.3 202
1712784405119 76.3 203
1712784415160 76.3 204
1712784425201 76.3 205
1712784435240 76.3 206
1712784445281 76.3 207
1712784455306 76.3 208
1712784465339 76.3 209
1712784475366 76.3 210
1712784485392 76.3 211
1712784495429 76.3 212
1712784505467 76.3 213
1712784515508 76.3 214
1712784525550 76.3 215
1712784535576 76.3 216
1712784545615 76.3 217
1712784555669 76.3 218
1712784565705 76.3 219
1712784575732 76.3 220
1712784585770 76.3 221
1712784595796 76.3 222
1712784605830 76.3 223
1712784615868 76.3 224
1712784625894 76.3 225
1712784635920 76.3 226
1712784645947 76.3 227
1712784655981 76.3 228
1712784666018 76.3 229
1712784676045 76.3 230
1712784686070 76.3 231
1712784696094 76.3 232
1712784706119 76.3 233
1712784716148 76.3 234
1712784726173 76.3 235
1712784736205 76.3 236
1712784746228 76.3 237
1712784756250 76.3 238
1712784766272 76.3 239
1712784776295 76.3 240
