1712782367560 0.0015140001196414232 0
1712782377597 0.25512400013394654 1
1712782387633 0.5234150001779199 2
1712782397669 0.6902789999730885 3
1712782407706 0.7643330001737922 4
1712782417742 0.8587780001107603 5
1712782427779 0.918080999981612 6
1712782437814 0.9705539999995381 7
1712782447849 1.0182670000940561 8
1712782457882 1.0698359999805689 9
1712782467915 1.1075250001158565 10
1712782477947 1.1409190001431853 11
1712782487994 1.2229780000634491 12
1712782498028 1.2810120000503957 13
1712782508062 1.3171139999758452 14
1712782518095 1.4009440001100302 15
1712782528129 1.4323450000956655 16
1712782538165 1.4474850001279265 17
1712782548201 1.4689230001531541 18
1712782558238 1.493908999953419 19
1712782568281 1.534440000075847 20
1712782578309 1.5666950000450015 21
1712782588344 1.589653000002727 22
1712782598380 1.6201319999527186 23
1712782608416 1.7104860001709312 24
1712782618452 13.212732000043616 25
1712782628482 13.228271000087261 26
1712782638513 13.238631000043824 27
1712782648549 13.281084000132978 28
1712782658592 13.32312300009653 29
1712782668627 13.425458000041544 30
1712782678656 13.509832000127062 31
1712782688694 13.582932000048459 32
1712782698731 13.67648999998346 33
1712782708768 13.69978200015612 34
1712782718804 13.71600200003013 35
1712782728840 13.76457400014624 36
1712782738875 13.796994999982417 37
1712782748905 13.848149999976158 38
1712782758939 13.893692000070587 39
1712782768975 13.938707000110298 40
1712782779011 13.971209000097588 41
1712782789047 13.996285000117496 42
1712782799083 14.01805100007914 43
1712782809120 14.02377500012517 44
1712782819155 14.041630000108853 45
1712782829191 14.094562000129372 46
1712782839249 14.119577000150457 47
1712782849288 17.153025000123307 48
1712782859327 17.191615000134334 49
1712782869363 17.242410000180826 50
1712782879399 17.361742000095546 51
1712782889435 17.418107999954373 52
1712782899472 17.4480020001065 53
1712782909509 17.56250900006853 54
1712782919546 17.58402800001204 55
1712782929585 17.615899000084028 56
1712782939616 17.645773000083864 57
1712782949668 17.73332200013101 58
1712782959707 17.815806000027806 59
1712782969742 18.318440000060946 60
1712782979777 18.76028100005351 61
1712782989811 18.89363200007938 62
1712782999846 18.918931000167504 63
1712783009881 18.946677000029013 64
1712783019915 19.013723999960348 65
1712783029950 19.10997600015253 66
1712783040015 19.154361000051722 67
1712783050052 19.166172000113875 68
1712783060088 19.172553000040352 69
1712783070124 19.186671999981627 70
1712783080160 19.196054000174627 71
1712783090195 19.244263000087813 72
1712783100231 19.253984000068158 73
1712783110268 19.263866000110283 74
1712783120303 19.275465999962762 75
1712783130346 19.280685000121593 76
1712783140378 19.291865000035614 77
1712783150406 19.29786300007254 78
1712783160439 19.30386200011708 79
1712783170478 19.319323000032455 80
1712783180516 19.32526700012386 81
1712783190554 19.331569000147283 82
1712783200592 19.342952999984846 83
1712783210629 19.40380800003186 84
1712783220680 19.576960999984294 85
1712783230716 19.655187000054866 86
1712783240753 19.705396000063047 87
1712783250789 19.752719999989495 88
1712783260825 19.7948360000737 89
1712783270861 19.82494099996984 90
1712783280895 19.852091999957338 91
1712783290927 19.895979000022635 92
1712783300962 19.92719199997373 93
1712783310998 19.955639000050724 94
1712783321034 19.990265000145882 95
1712783331070 20.056554000126198 96
1712783341104 20.087586000096053 97
1712783351138 20.125131000066176 98
1712783361176 20.154970000032336 99
1712783371212 20.180391000118107 100
1712783381271 20.215844999998808 101
1712783391308 20.322954999981448 102
1712783401347 20.368533000117168 103
1712783411383 20.415486000012606 104
1712783421419 20.4440379999578 105
1712783431455 20.470367999980226 106
1712783441487 20.4942779999692 107
1712783451519 20.562454000115395 108
1712783461548 20.585064999992028 109
1712783471603 20.61175599996932 110
1712783481636 20.63783200015314 111
1712783491669 20.65986300003715 112
1712783501700 20.684833000181243 113
1712783511733 20.703231000108644 114
1712783521768 20.724880000110716 115
1712783531801 20.75660700001754 116
1712783541830 20.7796269999817 117
1712783551879 20.98889799998142 118
1712783561914 21.326207000063732 119
1712783571946 21.649984000017866 120
1712783581980 21.670828000176698 121
1712783592012 21.705069000134245 122
1712783602044 21.72704800008796 123
1712783612077 21.754096999997273 124
1712783622109 21.775688000023365 125
1712783632141 21.79689700016752 126
1712783642172 21.822987999999896 127
1712783652210 21.845924000022933 128
1712783662248 21.86827400000766 129
1712783672285 21.899826999986544 130
1712783682330 21.94619600009173 131
1712783692368 22.03373400005512 132
1712783702405 22.074535000137985 133
1712783712442 22.134728000033647 134
1712783722478 22.181397000094876 135
1712783732515 22.228086000075564 136
1712783742545 22.32580200000666 137
1712783752582 22.366325000068173 138
1712783762644 22.415278000058606 139
1712783772683 22.487236000131816 140
1712783782714 22.530331999994814 141
1712783792752 22.556026000063866 142
1712783802790 22.577793000033125 143
1712783812827 22.637089000083506 144
1712783822865 22.666368999984115 145
1712783832903 22.694383000023663 146
1712783842940 22.717204000102356 147
1712783852979 22.764408000046387 148
1712783863019 22.834972999989986 149
1712783873057 22.874314000131562 150
1712783883090 22.90833400003612 151
1712783893124 22.94616200006567 152
1712783903157 22.99012800003402 153
1712783913191 23.047013000119478 154
1712783923224 23.09036700008437 155
1712783933284 23.172908999957144 156
1712783943319 23.199497000081465 157
1712783953360 23.23810199997388 158
1712783963400 23.295031000161543 159
1712783973440 23.33931199996732 160
1712783983480 23.369583999970928 161
1712783993508 23.387465000152588 162
1712784003533 23.507943000178784 163
1712784013570 23.75065700011328 164
1712784023613 23.81643100013025 165
1712784033655 23.86219900008291 166
1712784043695 23.90785100008361 167
1712784053736 23.988190999953076 168
1712784063777 24.022698000073433 169
1712784073818 24.062215000158176 170
1712784083860 24.111083999974653 171
1712784093899 24.14713199995458 172
1712784103940 24.18731000018306 173
1712784113981 24.21893299999647 174
1712784124022 24.25191200012341 175
1712784134056 24.296231999993324 176
1712784144095 24.68154800008051 177
1712784154134 25.048624000046402 178
1712784164174 25.247363000176847 179
1712784174213 25.32012900011614 180
1712784184255 25.351705000037327 181
1712784194296 25.39937400002964 182
1712784204333 25.452996000181884 183
1712784214375 25.493543999968097 184
1712784224420 25.507672999985516 185
1712784234459 25.521476000081748 186
1712784244498 25.54113100003451 187
1712784254538 25.55715800006874 188
1712784264579 25.576511000050232 189
1712784274617 25.611303000012413 190
1712784284656 25.652378000086173 191
1712784294696 25.73268200014718 192
1712784304736 25.907085000071675 193
1712784314770 25.952241000020877 194
1712784324810 25.972349000163376 195
1712784334849 25.98837999999523 196
1712784344882 26.009857000084594 197
1712784354922 26.021377000026405 198
1712784364956 26.035250999964774 199
1712784375021 26.057589000090957 200
1712784385051 26.07058500009589 201
1712784395078 26.127863000147045 202
1712784405119 26.167898999992758 203
1712784415160 26.242751999991015 204
1712784425201 26.2630670000799 205
1712784435240 26.30642500007525 206
1712784445281 26.348549999995157 207
1712784455306 26.402054000180215 208
1712784465339 26.44221100001596 209
1712784475366 26.48197600012645 210
1712784485392 26.544864000054076 211
1712784495429 26.626085000112653 212
1712784505467 26.659950000001118 213
1712784515508 26.696108000120148 214
1712784525550 26.717237000120804 215
1712784535576 26.794636000180617 216
1712784545615 26.84045000001788 217
1712784555669 26.898560000117868 218
1712784565705 26.93752200016752 219
1712784575732 27.054242999991402 220
1712784585770 27.087799000088125 221
1712784595796 27.123221999965608 222
1712784605830 27.303135000169277 223
1712784615868 27.4147130001802 224
1712784625894 27.459570000180975 225
1712784635920 27.51489600003697 226
1712784645947 27.56987200002186 227
1712784655981 27.676761999959126 228
1712784666018 27.70589300012216 229
1712784676045 27.74822700000368 230
1712784686070 27.769264000002295 231
1712784696094 27.797266999958083 232
1712784706119 27.81863800017163 233
1712784716148 27.835380000062287 234
1712784726173 27.994512000121176 235
1712784736205 28.363739000167698 236
1712784746228 28.730179999955 237
1712784756250 28.7995200001169 238
1712784766272 28.84472299995832 239
1712784776295 28.93302800017409 240
1712784786318 28.984253000002354 241
1712784796341 29.043846999993548 242
1712784806366 29.09178200014867 243
1712784816392 29.212109999964014 244
1712784826417 29.26641399995424 245
1712784836443 29.30619000014849 246
1712784846471 29.418526000110433 247
1712784856496 29.463739000028 248
1712784866520 29.52834800002165 249
1712784876558 29.561566000105813 250
1712784886592 29.608394999988377 251
1712784896616 29.67753200000152 252
1712784906647 29.857480000006035 253
1712784916672 29.92084000003524 254
1712784926697 29.968623999971896 255
1712784936722 30.012197999982163 256
1712784946747 30.161358000012115 257
1712784956772 30.19516700017266 258
1712784966797 30.20994500000961 259
1712784976834 30.31988500012085 260
1712784986877 30.358642000006512 261
1712784996914 30.39754500007257 262
1712785006954 30.43532699998468 263
1712785016995 30.49182500015013 264
1712785027037 30.515283999964595 265
1712785037080 30.53213299997151 266
1712785047116 30.55611200002022 267
1712785057161 30.570821000030264 268
1712785067205 30.58633300010115 269
1712785077240 30.607993999961764 270
1712785087281 30.627058000070974 271
1712785097325 30.66019199998118 272
1712785107362 30.671664000023156 273
1712785117398 30.68599300016649 274
1712785127436 30.70477499999106 275
1712785137474 30.758265000069514 276
1712785147517 30.772368000121787 277
1712785157555 30.79475100012496 278
1712785167597 30.830617000116035 279
1712785177639 30.86885099997744 280
1712785187682 30.883082000073045 281
1712785197729 30.898020999971777 282
1712785207774 31.058105000061914 283
1712785217819 31.159921000013128 284
1712785227896 31.231925999978557 285
1712785237946 31.263039000099525 286
1712785247992 31.30658800015226 287
1712785258032 31.38145300000906 288
1712785268077 31.403441000031307 289
1712785278119 31.443442000076175 290
1712785288159 31.459297999972478 291
1712785298225 31.47441400005482 292
1712785308266 31.596286999993026 293
1712785318315 32.007172000128776 294
