1712782367560 0.0015139998868107796 0
1712782377597 0.21777200000360608 1
1712782387633 0.43432499980553985 2
1712782397669 0.5868409997783601 3
1712782407706 0.6648209998384118 4
1712782417742 0.7561509995721281 5
1712782427779 0.8220519996248186 6
1712782437814 0.8810879997909069 7
1712782447849 0.9272369998507202 8
1712782457882 0.9764919998124242 9
1712782467915 1.0064969998784363 10
1712782477947 1.0325329997576773 11
1712782487994 1.1331519996747375 12
1712782498028 1.18149199988693 13
1712782508062 1.2093699998222291 14
1712782518095 1.2895559999160469 15
1712782528129 1.329075999557972 16
1712782538165 1.349045999813825 17
1712782548201 1.3742680000141263 18
1712782558238 1.4069999996572733 19
1712782568281 1.4563929997384548 20
1712782578309 1.5000459998846054 21
1712782588344 1.5308220000006258 22
1712782598380 1.5680219996720552 23
1712782608416 1.7107309997081757 24
1712782618452 7.703342999797314 25
1712782628482 7.723783999681473 26
1712782638513 7.737303999718279 27
1712782648549 7.793834999669343 28
1712782658592 7.85199399990961 29
1712782668627 7.979060999583453 30
1712782678656 8.078158999793231 31
1712782688694 8.175438999664038 32
1712782698731 8.284928999841213 33
1712782708768 8.316726999823004 34
1712782718804 8.34449899988249 35
1712782728840 8.420310999732465 36
1712782738875 8.459732999559492 37
1712782748905 8.525173999834806 38
1712782758939 8.582233999855816 39
1712782768975 8.638618999626487 40
1712782779011 8.68967100000009 41
1712782789047 8.725662999786437 42
1712782799083 8.75311699975282 43
1712782809120 8.762826999649405 44
1712782819155 8.788194999564439 45
1712782829191 8.850946999620646 46
1712782839249 8.882363999728113 47
1712782849288 10.56314399978146 48
1712782859327 10.622729999944568 49
1712782869363 10.684922999702394 50
1712782879399 10.842104999814183 51
1712782889435 10.918040999677032 52
1712782899472 10.953650999814272 53
1712782909509 11.120767999906093 54
1712782919546 11.150334999896586 55
1712782929585 11.18940499983728 56
1712782939616 11.231741999741644 57
1712782949668 11.337946999818087 58
1712782959707 11.421274999622256 59
1712782969742 11.886108999606222 60
1712782979777 12.252681999932975 61
1712782989811 12.376848999876529 62
1712782999846 12.41323999967426 63
1712783009881 12.450543999671936 64
1712783019915 12.536746999714524 65
1712783029950 12.671364999841899 66
1712783040015 12.72547599999234 67
1712783050052 12.742572999559343 68
1712783060088 12.7552279997617 69
1712783070124 12.775901999790221 70
1712783080160 12.789703999646008 71
1712783090195 12.867452999576926 72
1712783100231 12.88413399970159 73
1712783110268 12.91104199970141 74
1712783120303 12.967211999930441 75
1712783130346 12.979523999616504 76
1712783140378 12.994294999632984 77
1712783150406 13.004302999936044 78
1712783160439 13.015752999577671 79
1712783170478 13.03530399966985 80
1712783180516 13.045335999689996 81
1712783190554 13.054125999566168 82
1712783200592 13.069405999965966 83
1712783210629 13.164231000002474 84
1712783220680 13.327519999817014 85
1712783230716 13.40491299983114 86
1712783240753 13.46461599972099 87
1712783250789 13.518344999756664 88
1712783260825 13.570072999689728 89
1712783270861 13.598621999844909 90
1712783280895 13.62061299989 91
1712783290927 13.669659999664873 92
1712783300962 13.71786699956283 93
1712783310998 13.741209999658167 94
1712783321034 13.769145999569446 95
1712783331070 13.901856999844313 96
1712783341104 13.9379339995794 97
1712783351138 13.970286999829113 98
1712783361176 13.993901999667287 99
1712783371212 14.016706999856979 100
1712783381271 14.045103000011295 101
1712783391308 14.162490999791771 102
1712783401347 14.210850999690592 103
1712783411383 14.260784999933094 104
1712783421419 14.291498999577016 105
1712783431455 14.313146999571472 106
1712783441487 14.338408999610692 107
1712783451519 14.429484999738634 108
1712783461548 14.449295999947935 109
1712783471603 14.478000999893993 110
1712783481636 14.501810999587178 111
1712783491669 14.520021999720484 112
1712783501700 14.540863999631256 113
1712783511733 14.560833999887109 114
1712783521768 14.578618999570608 115
1712783531801 14.607667999807745 116
1712783541830 14.632500999607146 117
1712783551879 14.7998399999924 118
1712783561914 15.066438999958336 119
1712783571946 15.354333999566734 120
1712783581980 15.375345999840647 121
1712783592012 15.40499099995941 122
1712783602044 15.425395999569446 123
1712783612077 15.450938999652863 124
1712783622109 15.469415999948978 125
1712783632141 15.489558999892324 126
1712783642172 15.512551999650896 127
1712783652210 15.53725399961695 128
1712783662248 15.557764999568462 129
1712783672285 15.58760999981314 130
1712783682330 15.64088699966669 131
1712783692368 15.756516999565065 132
1712783702405 15.799091999884695 133
1712783712442 15.868880999740213 134
1712783722478 15.923887999728322 135
1712783732515 15.975083999801427 136
1712783742545 16.07788999984041 137
1712783752582 16.124299000017345 138
1712783762644 16.174371999688447 139
1712783772683 16.2501119999215 140
1712783782714 16.29761999985203 141
1712783792752 16.320880999788642 142
1712783802790 16.339717999566346 143
1712783812827 16.42247199965641 144
1712783822865 16.449879999738187 145
1712783832903 16.475425999611616 146
1712783842940 16.496117000002414 147
1712783852979 16.546546999830753 148
1712783863019 16.615491000004113 149
1712783873057 16.662449999712408 150
1712783883090 16.706245000008494 151
1712783893124 16.759705999866128 152
1712783903157 16.817543999757618 153
1712783913191 16.891044999938458 154
1712783923224 16.94406699994579 155
1712783933284 17.060939999762923 156
1712783943319 17.094275999814272 157
1712783953360 17.138007999863476 158
1712783963400 17.207686999812722 159
1712783973440 17.2628750000149 160
1712783983480 17.30028499988839 161
1712783993508 17.326140000019222 162
1712784003533 49.50673799961805 163
1712784013570 52.92293899971992 164
1712784023613 52.995526999700814 165
1712784033655 53.053346999920905 166
1712784043695 53.10990999964997 167
1712784053736 53.2236649999395 168
1712784063777 53.26906199986115 169
1712784073818 53.3172179996036 170
1712784083860 53.37441599974409 171
1712784093899 53.41830499982461 172
1712784103940 53.46302599972114 173
1712784113981 53.502681999932975 174
1712784124022 53.54525399999693 175
1712784134056 53.59917399985716 176
1712784144095 53.91867099981755 177
1712784154134 54.21608099993318 178
1712784164174 56.707177999895066 179
1712784174213 56.811493000015616 180
1712784184255 56.85048699984327 181
1712784194296 56.905727999750525 182
1712784204333 56.97607099963352 183
1712784214375 57.02259700000286 184
1712784224420 57.03925299970433 185
1712784234459 57.06068199966103 186
1712784244498 57.082262999843806 187
1712784254538 57.10339799989015 188
1712784264579 57.12868799967691 189
1712784274617 57.17221799958497 190
1712784284656 57.220794999971986 191
1712784294696 57.33442099997774 192
1712784304736 57.44516799971461 193
1712784314770 57.49637299962342 194
1712784324810 57.519149999599904 195
1712784334849 57.53945899987593 196
1712784344882 57.56135499989614 197
1712784354922 57.57654699962586 198
1712784364956 57.591948999557644 199
1712784375021 57.625358999706805 200
1712784385051 57.647407999727875 201
1712784395078 57.711765999905765 202
1712784405119 57.761167999822646 203
1712784415160 57.86747099971399 204
1712784425201 57.88919000001624 205
1712784435240 57.93895299965516 206
1712784445281 57.98941699974239 207
1712784455306 58.051712999586016 208
1712784465339 58.09862199984491 209
1712784475366 58.14667999977246 210
1712784485392 58.21533199958503 211
1712784495429 58.304536999668926 212
1712784505467 58.34605299960822 213
1712784515508 58.38626499986276 214
1712784525550 58.40703099966049 215
1712784535576 58.51978599978611 216
1712784545615 58.573273999616504 217
1712784555669 58.63912699976936 218
1712784565705 58.68575299996883 219
1712784575732 58.83123299991712 220
1712784585770 58.87182499980554 221
1712784595796 58.91371899982914 222
1712784605830 59.02822999982163 223
1712784615868 59.15881499974057 224
1712784625894 59.20957599999383 225
1712784635920 59.27488899976015 226
1712784645947 59.33900599973276 227
1712784655981 59.49649999989197 228
1712784666018 59.529938999563456 229
1712784676045 59.57892299955711 230
1712784686070 59.60759599972516 231
1712784696094 59.63893399992958 232
1712784706119 59.66132600000128 233
1712784716148 59.68441499955952 234
1712784726173 59.81063700001687 235
1712784736205 60.099291999824345 236
1712784746228 60.386746999807656 237
1712784756250 60.46101599978283 238
1712784766272 60.510912999976426 239
1712784776295 60.62610499979928 240
1712784786318 60.686429999768734 241
1712784796341 60.75984699977562 242
1712784806366 60.81689799996093 243
1712784816392 60.90885899960995 244
1712784826417 60.97042499994859 245
1712784836443 61.01680599991232 246
1712784846471 61.13728699972853 247
1712784856496 61.194219999946654 248
1712784866520 61.26897199964151 249
1712784876558 61.306474999990314 250
1712784886592 61.36129299970344 251
1712784896616 61.463091999758035 252
1712784906647 61.57891599973664 253
1712784916672 61.65076099988073 254
1712784926697 61.707067999988794 255
1712784936722 61.75615199981257 256
1712784946747 61.85795499989763 257
1712784956772 61.900647999718785 258
1712784966797 61.91793099977076 259
1712784976834 62.038394999690354 260
1712784986877 62.085802000015974 261
1712784996914 62.13564099976793 262
1712785006954 62.180680999998 263
1712785016995 62.26936099957675 264
1712785027037 62.29635899979621 265
1712785037080 62.31429599970579 266
1712785047116 62.34221999999136 267
1712785057161 62.361095999833196 268
1712785067205 62.379850999917835 269
1712785077240 62.40587599994615 270
1712785087281 62.42801799997687 271
1712785097325 62.47033299971372 272
1712785107362 62.484968999866396 273
1712785117398 62.49964199960232 274
1712785127436 62.5191839998588 275
1712785137474 62.603685999754816 276
1712785147517 62.619073999579996 277
1712785157555 62.64426499977708 278
1712785167597 62.68968899967149 279
1712785177639 62.73169699963182 280
1712785187682 62.7469639996998 281
1712785197729 62.766728999558836 282
1712785207774 62.855617999564856 283
1712785217819 62.989300000015646 284
1712785227896 63.07925699977204 285
1712785237946 63.11894099973142 286
1712785247992 63.169894999824464 287
1712785258032 63.280394999776036 288
1712785268077 63.30688699986786 289
1712785278119 63.35452699987218 290
1712785288159 63.37282899999991 291
1712785298225 63.39034599997103 292
1712785308266 63.50121399993077 293
1712785318315 63.835032999981195 294
