1712782367560 595109.1 0
1712782377597 595136.7 1
1712782387633 595169.7 2
1712782397669 595276.8 3
1712782407706 595393.2 4
1712782417742 595392.5 5
1712782427779 595391.7 6
1712782437814 595391.3 7
1712782447849 595391.3 8
1712782457882 595391.0 9
1712782467915 595391.3 10
1712782477947 595391.4 11
1712782487994 595389.6 12
1712782498028 595389.3 13
1712782508062 595389.1 14
1712782518095 595362.9 15
1712782528129 595362.4 16
1712782538165 595362.0 17
1712782548201 595361.8 18
1712782558238 595361.7 19
1712782568281 595364.3 20
1712782578309 595767.7 21
1712782588344 595766.6 22
1712782598380 595771.1 23
1712782608416 595773.1 24
1712782618452 595775.3 25
1712782628482 595776.4 26
1712782638513 595595.9 27
1712782648549 595373.3 28
1712782658592 595372.9 29
1712782668627 595372.4 30
1712782678656 595373.2 31
1712782688694 595371.2 32
1712782698731 595370.3 33
1712782708768 595369.2 34
1712782718804 595368.5 35
1712782728840 595368.1 36
1712782738875 595367.8 37
1712782748905 595368.5 38
1712782758939 595775.0 39
1712782768975 595774.9 40
1712782779011 595776.4 41
1712782789047 595775.1 42
1712782799083 595775.3 43
1712782809120 595774.2 44
1712782819155 595379.7 45
1712782829191 595374.2 46
1712782839249 595777.1 47
1712782849288 595778.3 48
1712782859327 595777.5 49
1712782869363 595375.3 50
1712782879399 595375.7 51
1712782889435 595374.7 52
1712782899472 595779.1 53
1712782909509 595777.2 54
1712782919546 595776.1 55
1712782929585 595778.1 56
1712782939616 595775.9 57
1712782949668 595775.6 58
1712782959707 595775.1 59
1712782969742 595774.3 60
1712782979777 595772.9 61
1712782989811 595773.0 62
1712782999846 595772.6 63
1712783009881 595771.3 64
1712783019915 595770.8 65
1712783029950 595770.6 66
1712783040015 595770.1 67
1712783050052 595770.4 68
1712783060088 595770.5 69
1712783070124 595770.3 70
1712783080160 595770.1 71
1712783090195 595770.4 72
1712783100231 595769.9 73
1712783110268 595768.9 74
1712783120303 595768.9 75
1712783130346 595769.1 76
1712783140378 595770.6 77
1712783150406 595770.8 78
1712783160439 595771.0 79
1712783170478 595771.0 80
1712783180516 595770.6 81
1712783190554 595770.6 82
1712783200592 595771.0 83
1712783210629 595770.4 84
1712783220680 595780.5 85
1712783230716 595807.1 86
1712783240753 595805.8 87
1712783250789 595805.1 88
1712783260825 595804.7 89
1712783270861 595804.7 90
1712783280895 595804.4 91
1712783290927 595803.6 92
1712783300962 595803.1 93
1712783310998 595803.1 94
1712783321034 595803.1 95
1712783331070 595803.7 96
1712783341104 595803.3 97
1712783351138 595801.2 98
1712783361176 595800.8 99
1712783371212 595800.9 100
1712783381271 595800.8 101
1712783391308 595802.8 102
1712783401347 595801.6 103
1712783411383 595801.4 104
1712783421419 595803.3 105
1712783431455 595802.9 106
1712783441487 595802.3 107
1712783451519 595802.9 108
1712783461548 595803.1 109
1712783471603 595802.9 110
1712783481636 595802.9 111
1712783491669 595801.9 112
1712783501700 595800.7 113
1712783511733 595801.0 114
1712783521768 595801.2 115
1712783531801 595801.6 116
1712783541830 595801.6 117
1712783551879 595801.9 118
1712783561914 595802.0 119
1712783571946 595802.3 120
1712783581980 595802.5 121
1712783592012 595802.8 122
1712783602044 595801.6 123
1712783612077 595802.4 124
1712783622109 595802.3 125
1712783632141 595802.8 126
1712783642172 595803.0 127
1712783652210 595802.8 128
1712783662248 595802.4 129
1712783672285 595802.8 130
1712783682330 595802.7 131
1712783692368 595802.9 132
1712783702405 595802.1 133
1712783712442 595802.2 134
1712783722478 595802.1 135
1712783732515 595802.5 136
1712783742545 595801.8 137
1712783752582 595801.9 138
1712783762644 595801.6 139
1712783772683 595802.7 140
1712783782714 595802.8 141
1712783792752 595802.3 142
1712783802790 595802.7 143
1712783812827 595802.8 144
1712783822865 595802.4 145
1712783832903 595802.5 146
1712783842940 595802.7 147
1712783852979 595802.4 148
1712783863019 595776.2 149
1712783873057 595775.0 150
1712783883090 595775.7 151
1712783893124 595775.7 152
1712783903157 595775.3 153
1712783913191 595775.4 154
1712783923224 595775.7 155
1712783933284 595776.1 156
1712783943319 595776.9 157
1712783953360 595776.1 158
1712783963400 595776.7 159
1712783973440 595776.7 160
1712783983480 595776.3 161
1712783993508 595776.4 162
1712784003533 595783.5 163
1712784013570 595797.8 164
1712784023613 595795.3 165
1712784033655 595793.4 166
1712784043695 595792.7 167
1712784053736 595792.4 168
1712784063777 595789.6 169
1712784073818 595788.9 170
1712784083860 595789.0 171
1712784093899 595790.2 172
1712784103940 595790.7 173
1712784113981 595790.0 174
1712784124022 595791.6 175
1712784134056 595790.9 176
1712784144095 595792.4 177
1712784154134 595793.6 178
1712784164174 595790.1 179
1712784174213 595789.3 180
1712784184255 595787.6 181
1712784194296 595790.9 182
1712784204333 595791.2 183
1712784214375 595790.0 184
1712784224420 595790.5 185
1712784234459 595789.9 186
1712784244498 595789.7 187
1712784254538 595789.0 188
1712784264579 595789.9 189
1712784274617 595790.8 190
1712784284656 595790.2 191
1712784294696 595790.1 192
1712784304736 595791.3 193
1712784314770 595792.2 194
1712784324810 595792.3 195
1712784334849 595795.3 196
1712784344882 595795.7 197
1712784354922 595793.9 198
1712784364956 595794.0 199
1712784375021 595794.0 200
1712784385051 595793.8 201
1712784395078 595795.1 202
1712784405119 595793.6 203
1712784415160 595793.0 204
1712784425201 595792.3 205
1712784435240 595792.2 206
1712784445281 595791.5 207
1712784455306 595790.4 208
1712784465339 595791.1 209
1712784475366 595793.2 210
1712784485392 595791.2 211
1712784495429 595793.2 212
1712784505467 595793.2 213
1712784515508 595792.6 214
1712784525550 595794.0 215
1712784535576 595792.9 216
1712784545615 595792.5 217
1712784555669 595792.2 218
1712784565705 595843.5 219
1712784575732 595992.2 220
1712784585770 596135.9 221
1712784595796 596279.2 222
1712784605830 596417.8 223
1712784615868 596454.7 224
1712784625894 596452.6 225
1712784635920 596452.3 226
1712784645947 596452.6 227
1712784655981 596451.3 228
1712784666018 596451.8 229
1712784676045 596460.8 230
1712784686070 596459.0 231
1712784696094 596458.8 232
1712784706119 596458.0 233
1712784716148 596457.7 234
1712784726173 596460.6 235
1712784736205 596461.5 236
1712784746228 596461.8 237
1712784756250 596461.3 238
1712784766272 596462.2 239
1712784776295 596460.1 240
1712784786318 596460.6 241
1712784796341 596460.0 242
1712784806366 596457.6 243
1712784816392 596455.4 244
1712784826417 596454.8 245
1712784836443 596454.6 246
1712784846471 596456.3 247
1712784856496 596456.4 248
1712784866520 596457.4 249
1712784876558 596459.2 250
1712784886592 596456.2 251
1712784896616 596454.0 252
1712784906647 596458.3 253
1712784916672 596458.8 254
1712784926697 596458.2 255
1712784936722 596457.7 256
1712784946747 596459.6 257
1712784956772 596457.0 258
1712784966797 596455.8 259
1712784976834 596454.9 260
1712784986877 596455.8 261
1712784996914 596458.5 262
1712785006954 596458.0 263
1712785016995 596457.6 264
1712785027037 596457.2 265
1712785037080 596456.9 266
1712785047116 596458.4 267
1712785057161 596455.3 268
1712785067205 596456.0 269
1712785077240 596456.4 270
1712785087281 596457.1 271
1712785097325 596456.7 272
1712785107362 596455.5 273
1712785117398 596455.1 274
1712785127436 596457.0 275
1712785137474 596456.6 276
1712785147517 596457.1 277
1712785157555 596455.7 278
1712785167597 596454.8 279
1712785177639 596455.1 280
1712785187682 596456.4 281
1712785197729 596457.8 282
1712785207774 596459.7 283
1712785217819 596457.9 284
1712785227896 596455.9 285
1712785237946 596455.0 286
1712785247992 596456.7 287
1712785258032 596455.3 288
1712785268077 596456.4 289
1712785278119 596457.4 290
1712785288159 596457.8 291
1712785298225 596458.1 292
1712785308266 596456.0 293
1712785318315 596455.0 294
