1712782367560 55.0 0
1712782377597 55.0 1
1712782387633 55.0 2
1712782397669 55.0 3
1712782407706 55.0 4
1712782417742 55.0 5
1712782427779 55.0 6
1712782437814 55.0 7
1712782447849 55.0 8
1712782457882 55.0 9
1712782467915 55.0 10
1712782477947 55.0 11
1712782487994 55.0 12
1712782498028 55.0 13
1712782508062 55.0 14
1712782518095 55.0 15
1712782528129 55.0 16
1712782538165 55.0 17
1712782548201 55.0 18
1712782558238 55.0 19
1712782568281 55.0 20
1712782578309 55.1 21
1712782588344 55.1 22
1712782598380 55.1 23
1712782608416 55.1 24
1712782618452 55.1 25
1712782628482 55.1 26
1712782638513 55.1 27
1712782648549 55.0 28
1712782658592 55.0 29
1712782668627 55.0 30
1712782678656 55.0 31
1712782688694 55.0 32
1712782698731 55.0 33
1712782708768 55.0 34
1712782718804 55.0 35
1712782728840 55.0 36
1712782738875 55.0 37
1712782748905 55.0 38
1712782758939 55.1 39
1712782768975 55.1 40
1712782779011 55.1 41
1712782789047 55.1 42
1712782799083 55.1 43
1712782809120 55.1 44
1712782819155 55.0 45
1712782829191 55.0 46
1712782839249 55.1 47
1712782849288 55.1 48
1712782859327 55.1 49
1712782869363 55.0 50
1712782879399 55.0 51
1712782889435 55.0 52
1712782899472 55.1 53
1712782909509 55.1 54
1712782919546 55.1 55
1712782929585 55.1 56
1712782939616 55.1 57
1712782949668 55.1 58
1712782959707 55.1 59
1712782969742 55.1 60
1712782979777 55.1 61
1712782989811 55.1 62
1712782999846 55.1 63
1712783009881 55.1 64
1712783019915 55.1 65
1712783029950 55.1 66
1712783040015 55.1 67
1712783050052 55.1 68
1712783060088 55.1 69
1712783070124 55.1 70
1712783080160 55.1 71
1712783090195 55.1 72
1712783100231 55.1 73
1712783110268 55.1 74
1712783120303 55.1 75
1712783130346 55.1 76
1712783140378 55.1 77
1712783150406 55.1 78
1712783160439 55.1 79
1712783170478 55.1 80
1712783180516 55.1 81
1712783190554 55.1 82
1712783200592 55.1 83
1712783210629 55.1 84
1712783220680 55.1 85
1712783230716 55.1 86
1712783240753 55.1 87
1712783250789 55.1 88
1712783260825 55.1 89
1712783270861 55.1 90
1712783280895 55.1 91
1712783290927 55.1 92
1712783300962 55.1 93
1712783310998 55.1 94
1712783321034 55.1 95
1712783331070 55.1 96
1712783341104 55.1 97
1712783351138 55.1 98
1712783361176 55.1 99
1712783371212 55.1 100
1712783381271 55.1 101
1712783391308 55.1 102
1712783401347 55.1 103
1712783411383 55.1 104
1712783421419 55.1 105
1712783431455 55.1 106
1712783441487 55.1 107
1712783451519 55.1 108
1712783461548 55.1 109
1712783471603 55.1 110
1712783481636 55.1 111
1712783491669 55.1 112
1712783501700 55.1 113
1712783511733 55.1 114
1712783521768 55.1 115
1712783531801 55.1 116
1712783541830 55.1 117
1712783551879 55.1 118
1712783561914 55.1 119
1712783571946 55.1 120
1712783581980 55.1 121
1712783592012 55.1 122
1712783602044 55.1 123
1712783612077 55.1 124
1712783622109 55.1 125
1712783632141 55.1 126
1712783642172 55.1 127
1712783652210 55.1 128
1712783662248 55.1 129
1712783672285 55.1 130
1712783682330 55.1 131
1712783692368 55.1 132
1712783702405 55.1 133
1712783712442 55.1 134
1712783722478 55.1 135
1712783732515 55.1 136
1712783742545 55.1 137
1712783752582 55.1 138
1712783762644 55.1 139
1712783772683 55.1 140
1712783782714 55.1 141
1712783792752 55.1 142
1712783802790 55.1 143
1712783812827 55.1 144
1712783822865 55.1 145
1712783832903 55.1 146
1712783842940 55.1 147
1712783852979 55.1 148
1712783863019 55.1 149
1712783873057 55.1 150
1712783883090 55.1 151
1712783893124 55.1 152
1712783903157 55.1 153
1712783913191 55.1 154
1712783923224 55.1 155
1712783933284 55.1 156
1712783943319 55.1 157
1712783953360 55.1 158
1712783963400 55.1 159
1712783973440 55.1 160
1712783983480 55.1 161
1712783993508 55.1 162
1712784003533 55.1 163
1712784013570 55.1 164
1712784023613 55.1 165
1712784033655 55.1 166
1712784043695 55.1 167
1712784053736 55.1 168
1712784063777 55.1 169
1712784073818 55.1 170
1712784083860 55.1 171
1712784093899 55.1 172
1712784103940 55.1 173
1712784113981 55.1 174
1712784124022 55.1 175
1712784134056 55.1 176
1712784144095 55.1 177
1712784154134 55.1 178
1712784164174 55.1 179
1712784174213 55.1 180
1712784184255 55.1 181
1712784194296 55.1 182
1712784204333 55.1 183
1712784214375 55.1 184
1712784224420 55.1 185
1712784234459 55.1 186
1712784244498 55.1 187
1712784254538 55.1 188
1712784264579 55.1 189
1712784274617 55.1 190
1712784284656 55.1 191
1712784294696 55.1 192
1712784304736 55.1 193
1712784314770 55.1 194
1712784324810 55.1 195
1712784334849 55.1 196
1712784344882 55.1 197
1712784354922 55.1 198
1712784364956 55.1 199
1712784375021 55.1 200
1712784385051 55.1 201
1712784395078 55.1 202
1712784405119 55.1 203
1712784415160 55.1 204
1712784425201 55.1 205
1712784435240 55.1 206
1712784445281 55.1 207
1712784455306 55.1 208
1712784465339 55.1 209
1712784475366 55.1 210
1712784485392 55.1 211
1712784495429 55.1 212
1712784505467 55.1 213
1712784515508 55.1 214
1712784525550 55.1 215
1712784535576 55.1 216
1712784545615 55.1 217
1712784555669 55.1 218
1712784565705 55.1 219
1712784575732 55.1 220
1712784585770 55.1 221
1712784595796 55.1 222
1712784605830 55.1 223
1712784615868 55.1 224
1712784625894 55.1 225
1712784635920 55.1 226
1712784645947 55.1 227
1712784655981 55.1 228
1712784666018 55.1 229
1712784676045 55.1 230
1712784686070 55.1 231
1712784696094 55.1 232
1712784706119 55.1 233
1712784716148 55.1 234
1712784726173 55.1 235
1712784736205 55.1 236
1712784746228 55.1 237
1712784756250 55.1 238
1712784766272 55.1 239
1712784776295 55.1 240
1712784786318 55.1 241
1712784796341 55.1 242
1712784806366 55.1 243
1712784816392 55.1 244
1712784826417 55.1 245
1712784836443 55.1 246
1712784846471 55.1 247
1712784856496 55.1 248
1712784866520 55.1 249
1712784876558 55.1 250
1712784886592 55.1 251
1712784896616 55.1 252
1712784906647 55.1 253
1712784916672 55.1 254
1712784926697 55.1 255
1712784936722 55.1 256
1712784946747 55.1 257
1712784956772 55.1 258
1712784966797 55.1 259
1712784976834 55.1 260
1712784986877 55.1 261
1712784996914 55.1 262
1712785006954 55.1 263
1712785016995 55.1 264
1712785027037 55.1 265
1712785037080 55.1 266
1712785047116 55.1 267
1712785057161 55.1 268
1712785067205 55.1 269
1712785077240 55.1 270
1712785087281 55.1 271
1712785097325 55.1 272
1712785107362 55.1 273
1712785117398 55.1 274
1712785127436 55.1 275
1712785137474 55.1 276
1712785147517 55.1 277
1712785157555 55.1 278
1712785167597 55.1 279
1712785177639 55.1 280
1712785187682 55.1 281
1712785197729 55.1 282
1712785207774 55.1 283
1712785217819 55.1 284
1712785227896 55.1 285
1712785237946 55.1 286
1712785247992 55.1 287
1712785258032 55.1 288
1712785268077 55.1 289
1712785278119 55.1 290
1712785288159 55.1 291
1712785298225 55.1 292
1712785308266 55.1 293
1712785318315 55.1 294
